20 20
100 100
1 1 1 1 1 1 1 1 1 1 1 1 1 1 1 1 1 1 1 1
1 1 1 1 1 1 1 1 1 1 1 1 1 1 1 1 1 1 1 1
1 21 1 22 1 23 1 24 1 25 1 1 1 1 1 1 1 1 1 1
1 0 0 0 2 0 0 0 0 0 0 0 0 2 0 0 0 0 1 1
1 0 0 0 1 1 1 1 1 1 1 1 1 1 0 0 0 0 1 1
1 0 0 0 2 1 1 1 1 1 1 0 0 2 0 0 0 0 1 1
1 0 0 0 2 0 1 1 1 1 1 1 0 2 0 0 0 0 1 1
1 0 0 0 2 0 0 1 1 1 1 2 2 2 0 0 0 0 1 1
1 1 0 0 2 0 1 1 1 1 1 2 2 2 0 0 0 0 1 1
1 1 0 0 2 2 2 2 1 1 1 2 2 2 0 0 0 0 1 1
1 1 0 0 2 2 2 2 2 2 0 2 2 2 0 0 0 0 1 1
1 1 0 0 0 0 0 0 0 0 0 0 0 0 0 0 0 0 1 1
1 1 0 0 0 0 0 0 0 0 0 0 0 0 0 0 0 0 1 1
1 1 0 0 0 0 1 1 1 1 1 1 0 0 0 0 2 2 1 1
1 1 0 0 0 0 0 0 1 1 1 0 0 0 0 2 2 0 1 1
1 1 0 0 0 0 0 0 0 1 0 1 1 0 2 2 0 0 1 1
1 1 0 0 0 0 0 0 1 1 1 1 1 1 2 0 0 0 1 1
1 1 0 0 0 0 0 0 1 1 0 1 1 1 1 0 0 0 1 1
1 1 0 0 0 0 0 0 0 0 0 0 0 0 0 0 0 0 1 1
1 1 1 1 1 1 1 1 1 1 1 1 1 1 1 1 1 1 1 1